        5.217     0.10283     0.00318
        5.247     0.10206     0.00311
        5.278     0.09826     0.00312
        5.308     0.09707     0.00296
        5.338     0.09515     0.00278
        5.368     0.09831     0.00284
        5.399     0.09859     0.00285
        5.429     0.09810     0.00277
        5.459     0.09198     0.00259
        5.489     0.09604     0.00250
        5.520     0.09435     0.00245
        5.550     0.09999     0.00251
        5.580     0.09385     0.00254
        5.610     0.09082     0.00255
        5.641     0.08979     0.00251
        5.671     0.08828     0.00241
        5.701     0.09088     0.00241
        5.731     0.08642     0.00240
        5.762     0.08595     0.00243
        5.792     0.08318     0.00246
        5.822     0.08544     0.00249
        5.852     0.08603     0.00249
        5.883     0.08248     0.00246
        5.913     0.08026     0.00245
        5.943     0.07688     0.00252
        5.973     0.08080     0.00253
        6.004     0.07690     0.00254
        6.034     0.07941     0.00252
        6.064     0.08331     0.00250
        6.094     0.07866     0.00247
        6.125     0.07591     0.00244
        6.155     0.07714     0.00246
        6.185     0.07892     0.00245
        6.215     0.07459     0.00245
        6.245     0.07613     0.00247
        6.276     0.07493     0.00253
        6.306     0.07501     0.00272
        6.336     0.06985     0.00287
        6.366     0.07284     0.00289
        6.397     0.07339     0.00286
        6.427     0.06648     0.00277
        6.457     0.07188     0.00277
        6.487     0.07072     0.00282
        6.518     0.06816     0.00293
        6.548     0.06764     0.00309
        6.578     0.06936     0.00324
        6.608     0.06660     0.00327
        6.639     0.06739     0.00327
        6.669     0.06644     0.00363
        6.699     0.06542     0.00300
        6.729     0.06678     0.00300
        6.760     0.06790     0.00314
        6.790     0.06549     0.00331
        6.820     0.06383     0.00342
        6.850     0.06282     0.00349
        6.881     0.06556     0.00356
        6.911     0.06542     0.00367
        6.941     0.06266     0.00380
        6.971     0.05852     0.00392
        7.002     0.05715     0.00404
        7.032     0.06273     0.00409
        7.062     0.06383     0.00400
        7.092     0.05802     0.00383
        7.122     0.05601     0.00364
        7.153     0.05956     0.00356
        7.183     0.05817     0.00357
        7.213     0.05667     0.00368
        7.243     0.05804     0.00383
        7.274     0.05655     0.00399
        7.304     0.05398     0.00407
        7.334     0.05126     0.00406
        7.364     0.05077     0.00404
        7.395     0.05479     0.00404
        7.425     0.06035     0.00416
        7.455     0.05407     0.00435
        7.485     0.04888     0.00454
        7.516     0.05450     0.00472
        7.546     0.05911     0.00499
        7.576     0.05355     0.00265
        7.637     0.05420     0.00254
        7.697     0.05574     0.00234
        7.758     0.05140     0.00215
        7.818     0.04914     0.00210
        7.879     0.04822     0.00207
        7.939     0.04829     0.00204
        8.000     0.04901     0.00193
        8.060     0.04943     0.00186
        8.120     0.04597     0.00180
        8.181     0.04664     0.00183
        8.241     0.04532     0.00178
        8.302     0.04388     0.00177
        8.362     0.04535     0.00173
        8.423     0.04422     0.00170
        8.483     0.04061     0.00168
        8.544     0.04124     0.00174
        8.604     0.04532     0.00176
        8.665     0.04137     0.00174
        8.725     0.04358     0.00171
        8.786     0.04174     0.00166
        8.846     0.03987     0.00166
        8.907     0.03930     0.00168
        8.967     0.03718     0.00170
        9.028     0.03944     0.00186
        9.088     0.03979     0.00171
        9.149     0.03641     0.00168
        9.209     0.03692     0.00166
        9.270     0.03453     0.00167
        9.330     0.03646     0.00169
        9.391     0.03332     0.00170
        9.451     0.03217     0.00172
        9.512     0.03206     0.00170
        9.572     0.03145     0.00166
        9.633     0.03447     0.00159
        9.693     0.03232     0.00152
        9.874     0.03262     0.00144
        9.935     0.02758     0.00140
        9.995     0.02907     0.00144
       10.056     0.02661     0.00149
       10.116     0.02614     0.00145
       10.177     0.02935     0.00131
       10.237     0.02945     0.00131
       10.298     0.03056     0.00136
       10.358     0.03179     0.00136
       10.419     0.03093     0.00140
       10.479     0.02806     0.00142
       10.540     0.02984     0.00144
       10.600     0.02732     0.00146
       10.661     0.02662     0.00150
       10.721     0.02704     0.00150
       10.782     0.02974     0.00157
       10.842     0.02713     0.00160
       10.903     0.02602     0.00168
       10.963     0.02554     0.00173
       11.024     0.02617     0.00179
       11.084     0.02859     0.00186
       11.145     0.02888     0.00186
       11.205     0.02557     0.00193
       11.266     0.02360     0.00195
       11.326     0.02734     0.00194
       11.387     0.02422     0.00189
       11.447     0.02617     0.00191
       11.508     0.02186     0.00193
       11.568     0.02430     0.00196
       11.629     0.02298     0.00199
       11.689     0.02234     0.00202
       11.749     0.02160     0.00203
       11.810     0.02337     0.00202
       11.870     0.02440     0.00218
       11.931     0.02912     0.00208
       11.991     0.02318     0.00200
       12.052     0.02101     0.00199
       12.112     0.02200     0.00206
       12.173     0.02408     0.00202
       12.233     0.02377     0.00198
       12.294     0.02180     0.00202
       12.354     0.02109     0.00199
       12.415     0.02129     0.00197
       12.475     0.02245     0.00197
       12.536     0.02087     0.00195
       12.596     0.02300     0.00196
       12.657     0.02395     0.00197
       12.717     0.02210     0.00198
       12.778     0.02036     0.00203
       12.838     0.01734     0.00229
       12.899     0.01536     0.00237
       12.959     0.01459     0.00214
       13.020     0.02293     0.00222
       13.080     0.01872     0.00226
       13.141     0.01992     0.00230
       13.201     0.01807     0.00239
       13.262     0.02196     0.00246
       13.322     0.02214     0.00253
       13.383     0.02326     0.00260
       13.443     0.01872     0.00266
       13.504     0.02071     0.00269
       13.564     0.02302     0.00274
       13.624     0.02065     0.00278
       13.685     0.02028     0.00277
       13.745     0.02285     0.00285
       13.806     0.02236     0.00291
       13.866     0.02368     0.00291
       13.927     0.01807     0.00301
       13.987     0.02209     0.00308
       14.048     0.02155     0.00314
       14.108     0.02034     0.00323
       14.169     0.02174     0.00329
       14.323     0.01801     0.00288
       14.408     0.01881     0.00276
       14.493     0.01959     0.00274
       14.577     0.01942     0.00280
       14.662     0.01611     0.00303
       14.747     0.02007     0.00328
       14.831     0.02321     0.00341
       14.916     0.01689     0.00340
       15.001     0.02258     0.00325
       15.085     0.02192     0.00306
       15.170     0.02251     0.00299
       15.255     0.02354     0.00287
       15.340     0.01453     0.00267
       15.424     0.01742     0.00246
       15.509     0.01971     0.00235
       15.594     0.01802     0.00233
       15.678     0.01790     0.00239
       15.763     0.02073     0.00253
       15.848     0.02186     0.00289
       15.932     0.02105     0.00338
       16.017     0.01906     0.00384
       16.102     0.01514     0.00406
       16.186     0.01354     0.00401
       16.271     0.02469     0.00416
       16.356     0.02093     0.00407
       16.440     0.02477     0.00371
       16.525     0.02302     0.00336
       16.610     0.02343     0.00321
       16.694     0.02172     0.00325
       16.779     0.01817     0.00342
       16.864     0.01883     0.00367
       16.948     0.02129     0.00383
       17.033     0.02136     0.00394
       17.118     0.01745     0.00399
       17.202     0.02168     0.00412
       17.287     0.02255     0.00424
       17.372     0.02084     0.00431
       17.456     0.02655     0.00397
       17.541     0.02564     0.00365
       17.626     0.02795     0.00350
       17.710     0.02873     0.00357
       17.795     0.02566     0.00375
       17.880     0.01858     0.00393
       17.964     0.02010     0.00418
       18.049     0.02609     0.00449
       18.134     0.02190     0.00475
       18.219     0.02346     0.00509
       18.303     0.02596     0.00517
       18.388     0.02950     0.00531
       18.473     0.02983     0.00532
       18.557     0.02905     0.00519
       18.642     0.03250     0.00506
       18.727     0.02312     0.00488
       18.811     0.02489     0.00480
       18.896     0.02432     0.00485
       18.981     0.02627     0.00504
       19.065     0.02313     0.00547
       19.150     0.02435     0.00608
       19.235     0.03445     0.00683
       19.319     0.04714     0.00750
       19.404     0.01409     0.00890
       19.489     0.03745     0.00768
       19.573     0.02996     0.00757
       19.658     0.02774     0.00730
       19.743     0.02779     0.00687
       19.827     0.03204     0.00688
       19.912     0.04289     0.00651
       19.997     0.04752     0.00646
       20.081     0.04646     0.00686
       20.166     0.04623     0.00676
       20.251     0.05043     0.00741
       20.335     0.03695     0.00808
       20.420     0.04510     0.00936
       20.505     0.03303     0.00906
       20.589     0.02806     0.00975
       20.759     0.04553     0.00663
       20.928     0.04195     0.00547
       21.098     0.03483     0.00490
       21.267     0.04886     0.00574
       21.436     0.04793     0.00530
       21.606     0.03943     0.00445
       21.775     0.04945     0.00490
       21.944     0.05393     0.00557
       22.114     0.05296     0.00464
       22.283     0.05627     0.00441
       22.452     0.04984     0.00447
       22.622     0.05402     0.00499
       22.791     0.05471     0.00436
       22.960     0.05771     0.00367
       23.130     0.05529     0.00381
       23.299     0.06043     0.00429
       23.468     0.05747     0.00429
       23.638     0.06265     0.00376
       23.807     0.05980     0.00338
       23.977     0.06102     0.00348
       24.146     0.06517     0.00381
       24.315     0.06074     0.00390
       24.485     0.06062     0.00372
       24.654     0.06922     0.00363
       24.823     0.07006     0.00401
       24.993     0.06743     0.00441
       25.162     0.06732     0.00434
       25.331     0.06761     0.00395
       25.501     0.06983     0.00392
       25.670     0.06802     0.00430
       25.839     0.07122     0.00477
       26.009     0.07816     0.00487
       26.178     0.07084     0.00448
       26.348     0.07362     0.00405
       26.517     0.07649     0.00382
       26.686     0.08212     0.00400
       26.856     0.08946     0.00423
       27.025     0.08176     0.00434
       27.194     0.07778     0.00429
       27.364     0.08709     0.00405
       27.533     0.08821     0.00397
       27.702     0.08714     0.00416
       27.872     0.07975     0.00472
       28.041     0.08409     0.00545
       28.210     0.10965     0.00614
       28.380     0.09100     0.00570
       28.549     0.09664     0.00523
       28.718     0.10048     0.00498
       28.888     0.09580     0.00521
       29.057     0.09420     0.00576
       29.227     0.09729     0.00606
       29.396     0.09942     0.00593
       29.565     0.09740     0.00570
       29.735     0.10403     0.00523
       29.904     0.10058     0.00483
       30.073     0.10124     0.00470
       30.243     0.10024     0.00504
       30.412     0.11151     0.00568
       30.581     0.10578     0.00625
       30.751     0.10304     0.00712
       30.920     0.12093     0.00771
       31.089     0.11971     0.00832
       31.259     0.11654     0.00872
       31.428     0.11481     0.00839
       31.597     0.12643     0.00865
       31.767     0.11074     0.00869
       31.936     0.10857     0.00865
       32.106     0.12205     0.00887
       32.275     0.12694     0.00919
       32.444     0.12798     0.00932
       32.614     0.13097     0.00935
       32.783     0.13739     0.00932
       32.952     0.14641     0.00966
       33.122     0.15212     0.01082
       33.291     0.13744     0.01265
       33.460     0.13177     0.01473
       33.630     0.15055     0.01757
       33.799     0.15825     0.01974
       33.968     0.17960     0.02040
       34.138     0.15756     0.01877
       34.307     0.16090     0.01658
       34.476     0.16018     0.01557
       34.646     0.15307     0.01570
       34.815     0.15744     0.01629
       34.985     0.15988     0.01722
       35.154     0.13987     0.01919
       35.323     0.13802     0.02230
       35.493     0.18575     0.02669
       35.662     0.19440     0.03264
       35.831     0.24708     0.03976
       36.001     0.15817     0.03772
       36.170     0.16223     0.03599
       36.339     0.14934     0.03654
       36.509     0.15623     0.03483
       36.678     0.20401     0.03393
       36.847     0.21077     0.03373
       37.017     0.21669     0.03686
       37.186     0.24989     0.04391
       37.355     0.28305     0.04858
       37.525     0.26553     0.05508
       37.694     0.20922     0.07479
       37.864     0.05167     0.09939
