        0.439     0.66960     0.01233  BT          Tycho2    
        0.532     0.99023     0.01459  VT          Tycho2    
        0.535     0.93480     0.00189  Hp          Hipparcos 
        1.235     0.98654     0.02635  J           2mass     
        1.662     0.74073     0.03138  H           2mass     
        2.159     0.50950     0.01126  K           2mass     
        3.350     0.26009     0.00575  W1          WISE      
        4.600     0.14028     0.00220  W2          WISE      
5.79642956071 0.0855087859743 0.00855087859746
7.00864069977 0.0607322653925 0.00607322653927
8.86506739488 0.0388739941422 0.00388739941422
11.3954001123 0.0251884396577 0.00251884396577
       11.560     0.02743     0.0013  W3          WISE      
13.9005822216 0.0201083678981 0.00201083678981
17.1321792014 0.0223007324648 0.00223007324648
20.898717895 0.0406583414749 0.00406583414751
       22.080     0.05649     0.0037  W4          WISE      
       23.680     0.04910     0.0022  MIPS24      Chen11    
27.2086927813 0.082683313358 0.00826833133611
33.9968422599 0.152212899504 0.0152212955249
       71.420     0.32000     0.0369  MIPS70      Chen11    
