        92.5      0.1850E-16      0.2117E-16
        93.5      0.2636E-16      0.3011E-16
        94.5      0.3730E-16      0.4249E-16
        95.5      0.5456E-16      0.6205E-16
        96.5      0.7628E-16      0.8667E-16
        97.5      0.1053E-15      0.1194E-15
        98.5      0.1451E-15      0.1643E-15
        99.5      0.1977E-15      0.2235E-15
       100.5      0.2749E-15      0.3102E-15
       101.5      0.3709E-15      0.4178E-15
       102.5      0.4679E-15      0.5266E-15
       103.5      0.6642E-15      0.7463E-15
       104.5      0.8816E-15      0.9888E-15
       105.5      0.1162E-14      0.1302E-14
       106.5      0.1521E-14      0.1701E-14
       107.5      0.1989E-14      0.2223E-14
       108.5      0.2584E-14      0.2883E-14
       109.5      0.3329E-14      0.3711E-14
       110.5      0.1427E-13      0.1588E-13
       111.5      0.2805E-13      0.3119E-13
       112.5      0.4201E-13      0.4663E-13
       113.5      0.5987E-13      0.6639E-13
       114.5      0.7906E-13      0.8759E-13
       115.5      0.8976E-13      0.9927E-13
       116.5      0.1224E-12      0.1353E-12
       117.5      0.1541E-12      0.1701E-12
       118.5      0.1613E-12      0.1778E-12
       119.5      0.1128E-12      0.1242E-12
       120.5      0.1198E-12      0.1318E-12
       121.5      0.4908E-13      0.5395E-13
       122.5      0.1621E-12      0.1780E-12
       123.5      0.3653E-12      0.4004E-12
       124.5      0.7218E-12      0.7905E-12
       125.5      0.1019E-11      0.1115E-11
       126.5      0.1068E-11      0.1168E-11
       127.5      0.1469E-11      0.1605E-11
       128.5      0.1895E-11      0.2068E-11
       129.5      0.2301E-11      0.2509E-11
       130.5      0.2346E-11      0.2556E-11
       131.5      0.3165E-11      0.3445E-11
       132.5      0.3575E-11      0.3887E-11
       133.5      0.4059E-11      0.4410E-11
       134.5      0.4841E-11      0.5255E-11
       135.5      0.5426E-11      0.5884E-11
       136.5      0.6078E-11      0.6585E-11
       137.5      0.6579E-11      0.7122E-11
       138.5      0.7185E-11      0.7771E-11
       139.5      0.8195E-11      0.8855E-11
       140.5      0.9643E-11      0.1041E-10
       141.5      0.1071E-10      0.1156E-10
       142.5      0.1205E-10      0.1300E-10
       143.5      0.1366E-10      0.1472E-10
       144.2      0.1709E-10      0.1840E-10
       144.7      0.1621E-10      0.1745E-10
       145.5      0.1894E-10      0.2037E-10
       146.5      0.2208E-10      0.2373E-10
       147.5      0.2467E-10      0.2651E-10
       148.5      0.2731E-10      0.2932E-10
       149.5      0.3452E-10      0.3703E-10
       150.5      0.4059E-10      0.4350E-10
       151.2      0.3552E-10      0.3807E-10
       151.7      0.4125E-10      0.4417E-10
       152.5      0.7311E-10      0.7829E-10
       153.5      0.1009E-09      0.1079E-09
       154.5      0.9791E-10      0.1046E-09
       155.5      0.1312E-09      0.1402E-09
       156.5      0.1265E-09      0.1351E-09
       157.5      0.1971E-09      0.2103E-09
       158.5      0.2336E-09      0.2492E-09
       159.5      0.2734E-09      0.2914E-09
       160.5      0.2887E-09      0.3074E-09
       161.5      0.3170E-09      0.3376E-09
       162.5      0.3322E-09      0.3534E-09
       163.5      0.4070E-09      0.4326E-09
       164.5      0.5286E-09      0.5619E-09
       165.5      0.3580E-09      0.3802E-09
       166.5      0.6039E-09      0.6413E-09
       167.2      0.4408E-09      0.4677E-09
       167.7      0.2060E-08      0.2186E-08
       168.5      0.2076E-08      0.2201E-08
       169.5      0.2071E-08      0.2195E-08
       170.5      0.2591E-08      0.2744E-08
       171.5      0.4675E-08      0.4951E-08
       172.5      0.5491E-08      0.5810E-08
       173.5      0.7853E-08      0.8302E-08
       174.5      0.8331E-08      0.8807E-08
       175.5      0.1328E-07      0.1403E-07
       176.5      0.9545E-08      0.1008E-07
       177.5      0.1278E-07      0.1348E-07
       178.5      0.1573E-07      0.1660E-07
       179.5      0.2487E-07      0.2622E-07
       180.5      0.1948E-07      0.2054E-07
       181.5      0.1762E-07      0.1856E-07
       182.5      0.2057E-07      0.2166E-07
       183.5      0.2003E-07      0.2108E-07
       184.5      0.1230E-07      0.1294E-07
       185.5      0.2417E-07      0.2541E-07
       186.5      0.3443E-07      0.3619E-07
       187.5      0.3277E-07      0.3442E-07
       188.5      0.3465E-07      0.3639E-07
       189.5      0.4549E-07      0.4773E-07
       190.5      0.4254E-07      0.4464E-07
       191.5      0.4799E-07      0.5031E-07
       192.5      0.3701E-07      0.3880E-07
       193.5      0.1584E-07      0.1659E-07
       194.5      0.5572E-07      0.5836E-07
       195.5      0.5992E-07      0.6276E-07
       196.7      0.7726E-07      0.8084E-07
       197.6      0.6432E-07      0.6730E-07
       198.4      0.8224E-07      0.8597E-07
       199.5      0.8931E-07      0.9336E-07
       200.5      0.7893E-07      0.8244E-07
       201.5      0.8608E-07      0.8990E-07
       202.5      0.6445E-07      0.6731E-07
       203.5      0.1003E-06      0.1047E-06
       204.5      0.1170E-06      0.1221E-06
       205.5      0.1106E-06      0.1153E-06
       206.5      0.1038E-06      0.1082E-06
       207.4      0.1249E-06      0.1302E-06
       207.8      0.2391E-06      0.2493E-06
       208.5      0.2918E-06      0.3039E-06
       209.5      0.2680E-06      0.2791E-06
       210.5      0.2438E-06      0.2539E-06
       211.5      0.2793E-06      0.2906E-06
       212.5      0.2430E-06      0.2528E-06
       213.5      0.2222E-06      0.2310E-06
       214.5      0.2989E-06      0.3107E-06
       215.5      0.3031E-06      0.3151E-06
       216.5      0.2561E-06      0.2660E-06
       217.5      0.2672E-06      0.2775E-06
       218.5      0.3391E-06      0.3522E-06
       219.5      0.3444E-06      0.3573E-06
       220.5      0.3287E-06      0.3411E-06
       221.5      0.2470E-06      0.2563E-06
       222.5      0.2851E-06      0.2955E-06
       223.5      0.3897E-06      0.4040E-06
       224.5      0.3682E-06      0.3817E-06
       225.5      0.2725E-06      0.2822E-06
       226.5      0.2631E-06      0.2725E-06
       227.5      0.2959E-06      0.3064E-06
       228.5      0.3992E-06      0.4130E-06
       229.5      0.3287E-06      0.3401E-06
       230.5      0.4099E-06      0.4241E-06
       231.5      0.3490E-06      0.3607E-06
       232.5      0.2629E-06      0.2718E-06
       233.5      0.2239E-06      0.2314E-06
       234.5      0.1348E-06      0.1393E-06
       235.5      0.3159E-06      0.3262E-06
       236.5      0.1568E-06      0.1619E-06
       237.5      0.2306E-06      0.2381E-06
       238.5      0.1116E-06      0.1151E-06
       239.5      0.1563E-06      0.1613E-06
       240.5      0.1569E-06      0.1619E-06
       241.5      0.2018E-06      0.2082E-06
       242.5      0.3846E-06      0.3964E-06
       243.5      0.3818E-06      0.3935E-06
       244.5      0.4655E-06      0.4798E-06
       245.5      0.4987E-06      0.5135E-06
       246.5      0.4449E-06      0.4581E-06
       247.5      0.3894E-06      0.4010E-06
       248.5      0.2560E-06      0.2636E-06
       249.5      0.2997E-06      0.3083E-06
       250.5      0.5017E-06      0.5161E-06
       251.3      0.1759E-06      0.1810E-06
       251.8      0.1215E-06      0.1250E-06
       252.5      0.1516E-06      0.1560E-06
       253.5      0.2677E-06      0.2751E-06
       254.5      0.2954E-06      0.3036E-06
       255.5      0.5089E-06      0.5230E-06
       256.5      0.3867E-06      0.3975E-06
       257.5      0.4939E-06      0.5071E-06
       258.5      0.4471E-06      0.4591E-06
       259.5      0.3975E-06      0.4082E-06
       260.5      0.3441E-06      0.3533E-06
       261.5      0.2999E-06      0.3077E-06
       262.5      0.4466E-06      0.4581E-06
       263.5      0.7165E-06      0.7350E-06
       264.5      0.9929E-06      0.1019E-05
       265.5      0.1240E-05      0.1271E-05
       266.5      0.8452E-06      0.8662E-06
       267.5      0.9927E-06      0.1017E-05
       268.5      0.1095E-05      0.1122E-05
       269.5      0.8613E-06      0.8827E-06
       270.5      0.1022E-05      0.1046E-05
       271.5      0.7839E-06      0.8026E-06
       272.5      0.7330E-06      0.7505E-06
       273.5      0.8746E-06      0.8955E-06
       274.5      0.4462E-06      0.4564E-06
       275.5      0.6121E-06      0.6261E-06
       276.5      0.7934E-06      0.8116E-06
       277.5      0.8697E-06      0.8896E-06
       278.5      0.4979E-06      0.5093E-06
       279.5      0.1912E-06      0.1954E-06
       280.5      0.2443E-06      0.2497E-06
       281.5      0.7994E-06      0.8169E-06
       282.5      0.1226E-05      0.1253E-05
       283.5      0.1223E-05      0.1250E-05
       284.5      0.1035E-05      0.1057E-05
       285.5      0.6066E-06      0.6193E-06
       286.5      0.1369E-05      0.1398E-05
       287.5      0.1564E-05      0.1597E-05
       288.5      0.1392E-05      0.1421E-05
       289.5      0.1523E-05      0.1553E-05
       291.0      0.1938E-05      0.1977E-05
       293.0      0.1752E-05      0.1787E-05
       295.0      0.1731E-05      0.1764E-05
       297.0      0.1896E-05      0.1932E-05
       299.0      0.1942E-05      0.1979E-05
       301.0      0.2096E-05      0.2134E-05
       303.0      0.2104E-05      0.2142E-05
       305.0      0.2221E-05      0.2261E-05
       307.0      0.2279E-05      0.2318E-05
       309.0      0.2328E-05      0.2368E-05
       311.0      0.2396E-05      0.2437E-05
       313.0      0.2403E-05      0.2442E-05
       315.0      0.2346E-05      0.2384E-05
       317.0      0.2472E-05      0.2512E-05
       319.0      0.2260E-05      0.2294E-05
       321.0      0.2547E-05      0.2585E-05
       323.0      0.2229E-05      0.2263E-05
       325.0      0.2711E-05      0.2749E-05
       327.0      0.3046E-05      0.3089E-05
       329.0      0.2989E-05      0.3031E-05
       331.0      0.3082E-05      0.3123E-05
       333.0      0.3108E-05      0.3149E-05
       335.0      0.3118E-05      0.3159E-05
       337.0      0.2783E-05      0.2820E-05
       339.0      0.3042E-05      0.3079E-05
       341.0      0.3068E-05      0.3105E-05
       343.0      0.3122E-05      0.3160E-05
       345.0      0.3284E-05      0.3321E-05
       347.0      0.3352E-05      0.3390E-05
       349.0      0.3528E-05      0.3567E-05
       351.0      0.3662E-05      0.3703E-05
       353.0      0.3532E-05      0.3568E-05
       355.0      0.3977E-05      0.4018E-05
       357.0      0.3446E-05      0.3481E-05
       359.0      0.3355E-05      0.3389E-05
       361.0      0.3630E-05      0.3664E-05
       363.0      0.3677E-05      0.3711E-05
       364.0      0.3741E-05      0.3776E-05
       365.0      0.4159E-05      0.4197E-05
       367.0      0.4131E-05      0.4169E-05
       369.0      0.3926E-05      0.3962E-05
       371.0      0.4203E-05      0.4242E-05
       373.0      0.3843E-05      0.3879E-05
       375.0      0.4272E-05      0.4311E-05
       377.0      0.4746E-05      0.4790E-05
       379.0      0.5137E-05      0.5189E-05
       381.0      0.5551E-05      0.5608E-05
       383.0      0.4088E-05      0.4134E-05
       385.0      0.5646E-05      0.5709E-05
       387.0      0.5816E-05      0.5887E-05
       389.0      0.5180E-05      0.5248E-05
       391.0      0.6025E-05      0.6104E-05
       393.0      0.3465E-05      0.3514E-05
       395.0      0.5355E-05      0.5436E-05
       397.0      0.3812E-05      0.3873E-05
       399.0      0.6760E-05      0.6875E-05
       401.0      0.7213E-05      0.7336E-05
       403.0      0.7391E-05      0.7524E-05
       405.0      0.7279E-05      0.7417E-05
       407.0      0.7232E-05      0.7377E-05
       409.0      0.7463E-05      0.7619E-05
       411.0      0.6867E-05      0.7018E-05
       413.0      0.7805E-05      0.7984E-05
       415.0      0.8084E-05      0.8269E-05
       417.0      0.8119E-05      0.8313E-05
       419.0      0.8035E-05      0.8235E-05
       421.0      0.8087E-05      0.8296E-05
       423.0      0.7868E-05      0.8079E-05
       425.0      0.8100E-05      0.8317E-05
       427.0      0.7896E-05      0.8116E-05
       429.0      0.7624E-05      0.7843E-05
       431.0      0.6860E-05      0.7057E-05
       433.0      0.7967E-05      0.8204E-05
       435.0      0.7462E-05      0.7684E-05
       437.0      0.8862E-05      0.9134E-05
       439.0      0.8513E-05      0.8775E-05
       441.0      0.8783E-05      0.9053E-05
       443.0      0.8951E-05      0.9235E-05
       445.0      0.8968E-05      0.9252E-05
       447.0      0.9271E-05      0.9565E-05
       449.0      0.9305E-05      0.9600E-05
       451.0      0.9984E-05      0.1030E-04
       453.0      0.9382E-05      0.9680E-05
       455.0      0.9600E-05      0.9904E-05
       457.0      0.1014E-04      0.1046E-04
       459.0      0.9731E-05      0.1004E-04
       461.0      0.9986E-05      0.1030E-04
       463.0      0.9885E-05      0.1020E-04
       465.0      0.1006E-04      0.1037E-04
       467.0      0.1031E-04      0.1063E-04
       469.0      0.1017E-04      0.1048E-04
       471.0      0.9890E-05      0.1019E-04
       473.0      0.1041E-04      0.1072E-04
       475.0      0.1054E-04      0.1085E-04
       477.0      0.1059E-04      0.1089E-04
       479.0      0.1060E-04      0.1091E-04
       481.0      0.1058E-04      0.1088E-04
       483.0      0.1068E-04      0.1098E-04
       485.0      0.9845E-05      0.1012E-04
       487.0      0.8601E-05      0.8832E-05
       489.0      0.1040E-04      0.1068E-04
       491.0      0.1053E-04      0.1080E-04
       493.0      0.1046E-04      0.1072E-04
       495.0      0.1081E-04      0.1108E-04
       497.0      0.1099E-04      0.1125E-04
       499.0      0.1046E-04      0.1071E-04
       501.0      0.1023E-04      0.1046E-04
       503.0      0.1076E-04      0.1100E-04
       505.0      0.1079E-04      0.1103E-04
       507.0      0.1116E-04      0.1139E-04
       509.0      0.1097E-04      0.1119E-04
       511.0      0.1115E-04      0.1137E-04
       513.0      0.1100E-04      0.1121E-04
       515.0      0.1079E-04      0.1100E-04
       517.0      0.1041E-04      0.1060E-04
       519.0      0.1044E-04      0.1062E-04
       521.0      0.1094E-04      0.1113E-04
       523.0      0.1109E-04      0.1127E-04
       525.0      0.1138E-04      0.1155E-04
       527.0      0.1055E-04      0.1071E-04
       529.0      0.1138E-04      0.1154E-04
       531.0      0.1161E-04      0.1176E-04
       533.0      0.1098E-04      0.1112E-04
       535.0      0.1154E-04      0.1168E-04
       537.0      0.1153E-04      0.1166E-04
       539.0      0.1152E-04      0.1165E-04
       541.0      0.1130E-04      0.1142E-04
       543.0      0.1162E-04      0.1174E-04
       545.0      0.1181E-04      0.1192E-04
       547.0      0.1171E-04      0.1181E-04
       549.0      0.1184E-04      0.1194E-04
       551.0      0.1185E-04      0.1194E-04
       553.0      0.1189E-04      0.1198E-04
       555.0      0.1202E-04      0.1210E-04
       557.0      0.1183E-04      0.1190E-04
       559.0      0.1180E-04      0.1186E-04
       561.0      0.1200E-04      0.1206E-04
       563.0      0.1212E-04      0.1217E-04
       565.0      0.1215E-04      0.1220E-04
       567.0      0.1200E-04      0.1205E-04
       569.0      0.1217E-04      0.1221E-04
       571.0      0.1209E-04      0.1213E-04
       573.0      0.1256E-04      0.1259E-04
       575.0      0.1235E-04      0.1238E-04
       577.0      0.1246E-04      0.1249E-04
       579.0      0.1238E-04      0.1240E-04
       581.0      0.1251E-04      0.1253E-04
       583.0      0.1263E-04      0.1265E-04
       585.0      0.1251E-04      0.1252E-04
       587.0      0.1256E-04      0.1257E-04
       589.0      0.1221E-04      0.1222E-04
       591.0      0.1258E-04      0.1259E-04
       593.0      0.1260E-04      0.1259E-04
       595.0      0.1267E-04      0.1266E-04
       597.0      0.1269E-04      0.1268E-04
       599.0      0.1267E-04      0.1265E-04
       601.0      0.1258E-04      0.1256E-04
       603.0      0.1263E-04      0.1261E-04
       605.0      0.1283E-04      0.1281E-04
       607.0      0.1283E-04      0.1280E-04
       609.0      0.1271E-04      0.1268E-04
       611.0      0.1267E-04      0.1264E-04
       613.0      0.1240E-04      0.1237E-04
       615.0      0.1250E-04      0.1247E-04
       617.0      0.1239E-04      0.1235E-04
       619.0      0.1280E-04      0.1276E-04
       621.0      0.1284E-04      0.1280E-04
       623.0      0.1269E-04      0.1265E-04
       625.0      0.1241E-04      0.1235E-04
       627.0      0.1288E-04      0.1282E-04
       629.0      0.1292E-04      0.1286E-04
       631.0      0.1270E-04      0.1264E-04
       633.0      0.1279E-04      0.1273E-04
       635.0      0.1283E-04      0.1276E-04
       637.0      0.1283E-04      0.1276E-04
       639.0      0.1293E-04      0.1286E-04
       641.0      0.1271E-04      0.1264E-04
       643.0      0.1283E-04      0.1276E-04
       645.0      0.1280E-04      0.1272E-04
       647.0      0.1281E-04      0.1273E-04
       649.0      0.1270E-04      0.1262E-04
       651.0      0.1286E-04      0.1278E-04
       653.0      0.1278E-04      0.1269E-04
       655.0      0.1193E-04      0.1184E-04
       657.0      0.1003E-04      0.9956E-05
       659.0      0.1255E-04      0.1246E-04
       661.0      0.1296E-04      0.1286E-04
       663.0      0.1300E-04      0.1289E-04
       665.0      0.1303E-04      0.1292E-04
       667.0      0.1297E-04      0.1286E-04
       669.0      0.1313E-04      0.1302E-04
       671.0      0.1303E-04      0.1291E-04
       673.0      0.1312E-04      0.1300E-04
       675.0      0.1306E-04      0.1294E-04
       677.0      0.1311E-04      0.1299E-04
       679.0      0.1310E-04      0.1297E-04
       681.0      0.1308E-04      0.1295E-04
       683.0      0.1312E-04      0.1298E-04
       685.0      0.1300E-04      0.1287E-04
       687.0      0.1311E-04      0.1296E-04
       689.0      0.1315E-04      0.1300E-04
       691.0      0.1312E-04      0.1297E-04
       693.0      0.1314E-04      0.1299E-04
       695.0      0.1314E-04      0.1298E-04
       697.0      0.1314E-04      0.1298E-04
       699.0      0.1317E-04      0.1301E-04
       701.0      0.1295E-04      0.1278E-04
       703.0      0.1310E-04      0.1293E-04
       705.0      0.1315E-04      0.1298E-04
       707.0      0.1313E-04      0.1296E-04
       709.0      0.1311E-04      0.1292E-04
       711.0      0.1306E-04      0.1287E-04
       713.0      0.1304E-04      0.1285E-04
       715.0      0.1304E-04      0.1285E-04
       717.0      0.1303E-04      0.1283E-04
       719.0      0.1289E-04      0.1269E-04
       721.0      0.1304E-04      0.1284E-04
       723.0      0.1305E-04      0.1285E-04
       725.0      0.1311E-04      0.1290E-04
       727.0      0.1312E-04      0.1291E-04
       729.0      0.1293E-04      0.1272E-04
       731.0      0.1306E-04      0.1285E-04
       733.0      0.1307E-04      0.1285E-04
       735.0      0.1313E-04      0.1290E-04
       737.0      0.1315E-04      0.1292E-04
       739.0      0.1296E-04      0.1274E-04
       741.0      0.1277E-04      0.1254E-04
       743.0      0.1298E-04      0.1274E-04
       745.0      0.1303E-04      0.1279E-04
       747.0      0.1309E-04      0.1285E-04
       749.0      0.1304E-04      0.1279E-04
       751.0      0.1306E-04      0.1281E-04
       753.0      0.1310E-04      0.1285E-04
       755.0      0.1316E-04      0.1291E-04
       757.0      0.1310E-04      0.1284E-04
       759.0      0.1309E-04      0.1283E-04
       761.0      0.1307E-04      0.1281E-04
       763.0      0.1311E-04      0.1285E-04
       765.0      0.1310E-04      0.1282E-04
       767.0      0.1290E-04      0.1263E-04
       769.0      0.1308E-04      0.1280E-04
       771.0      0.1299E-04      0.1272E-04
       773.0      0.1307E-04      0.1279E-04
       775.0      0.1296E-04      0.1267E-04
       777.0      0.1296E-04      0.1267E-04
       779.0      0.1312E-04      0.1283E-04
       781.0      0.1308E-04      0.1279E-04
       783.0      0.1300E-04      0.1271E-04
       785.0      0.1298E-04      0.1268E-04
       787.0      0.1309E-04      0.1279E-04
       789.0      0.1309E-04      0.1279E-04
       791.0      0.1302E-04      0.1272E-04
       793.0      0.1288E-04      0.1258E-04
       795.0      0.1293E-04      0.1263E-04
       797.0      0.1308E-04      0.1277E-04
       799.0      0.1308E-04      0.1277E-04
       801.0      0.1298E-04      0.1267E-04
       803.0      0.1300E-04      0.1269E-04
       805.0      0.1295E-04      0.1264E-04
       807.0      0.1304E-04      0.1272E-04
       809.0      0.1293E-04      0.1261E-04
       811.0      0.1304E-04      0.1272E-04
       813.0      0.1307E-04      0.1275E-04
       815.0      0.1304E-04      0.1272E-04
       817.0      0.1303E-04      0.1270E-04
       819.0      0.1275E-04      0.1243E-04
       821.0      0.1283E-04      0.1251E-04
       823.0      0.1281E-04      0.1249E-04
       825.0      0.1287E-04      0.1254E-04
       827.0      0.1300E-04      0.1267E-04
       829.0      0.1298E-04      0.1265E-04
       831.0      0.1285E-04      0.1252E-04
       833.0      0.1275E-04      0.1242E-04
       835.0      0.1288E-04      0.1255E-04
       837.0      0.1292E-04      0.1258E-04
       839.0      0.1279E-04      0.1246E-04
       841.0      0.1289E-04      0.1255E-04
       843.0      0.1277E-04      0.1244E-04
       845.0      0.1273E-04      0.1240E-04
       847.0      0.1270E-04      0.1237E-04
       849.0      0.1275E-04      0.1241E-04
       851.0      0.1229E-04      0.1197E-04
       853.0      0.1282E-04      0.1248E-04
       855.0      0.1204E-04      0.1172E-04
       857.0      0.1293E-04      0.1259E-04
       859.0      0.1262E-04      0.1228E-04
       861.0      0.1258E-04      0.1224E-04
       863.0      0.1289E-04      0.1255E-04
       865.0      0.1281E-04      0.1247E-04
       867.0      0.1176E-04      0.1144E-04
       869.0      0.1260E-04      0.1226E-04
       871.0      0.1281E-04      0.1247E-04
       873.0      0.1274E-04      0.1240E-04
       875.0      0.1215E-04      0.1182E-04
       877.0      0.1273E-04      0.1239E-04
       879.0      0.1281E-04      0.1247E-04
       881.0      0.1268E-04      0.1234E-04
       883.0      0.1272E-04      0.1238E-04
       885.0      0.1254E-04      0.1220E-04
       887.0      0.1196E-04      0.1164E-04
       889.0      0.1275E-04      0.1241E-04
       891.0      0.1281E-04      0.1246E-04
       893.0      0.1269E-04      0.1235E-04
       895.0      0.1277E-04      0.1243E-04
       897.0      0.1278E-04      0.1243E-04
       899.0      0.1274E-04      0.1240E-04
       901.0      0.1179E-04      0.1147E-04
       903.0      0.1240E-04      0.1207E-04
       905.0      0.1280E-04      0.1245E-04
       907.0      0.1257E-04      0.1223E-04
       909.0      0.1234E-04      0.1201E-04
       911.0      0.1258E-04      0.1224E-04
       913.0      0.1277E-04      0.1243E-04
       915.0      0.1277E-04      0.1243E-04
       917.0      0.1274E-04      0.1240E-04
       919.0      0.1275E-04      0.1241E-04
       921.0      0.1244E-04      0.1211E-04
       923.0      0.1149E-04      0.1118E-04
       925.0      0.1230E-04      0.1197E-04
       927.0      0.1253E-04      0.1220E-04
       929.0      0.1270E-04      0.1236E-04
       931.0      0.1272E-04      0.1238E-04
       933.0      0.1268E-04      0.1234E-04
       935.0      0.1267E-04      0.1233E-04
       937.0      0.1268E-04      0.1234E-04
       939.0      0.1266E-04      0.1233E-04
       941.0      0.1222E-04      0.1190E-04
       943.0      0.1258E-04      0.1225E-04
       945.0      0.1251E-04      0.1218E-04
       947.0      0.1263E-04      0.1230E-04
       949.0      0.1265E-04      0.1232E-04
       951.0      0.1255E-04      0.1222E-04
       953.0      0.1237E-04      0.1205E-04
       955.0      0.1132E-04      0.1103E-04
       957.0      0.1236E-04      0.1204E-04
       959.0      0.1255E-04      0.1222E-04
       961.0      0.1246E-04      0.1214E-04
       963.0      0.1237E-04      0.1205E-04
       965.0      0.1245E-04      0.1213E-04
       967.0      0.1238E-04      0.1206E-04
       969.0      0.1247E-04      0.1215E-04
       971.0      0.1251E-04      0.1219E-04
       973.0      0.1251E-04      0.1219E-04
       975.0      0.1239E-04      0.1208E-04
       977.0      0.1244E-04      0.1212E-04
       979.0      0.1244E-04      0.1213E-04
       981.0      0.1245E-04      0.1214E-04
       983.0      0.1244E-04      0.1213E-04
       985.0      0.1241E-04      0.1210E-04
       987.0      0.1236E-04      0.1205E-04
       989.0      0.1233E-04      0.1202E-04
       991.0      0.1233E-04      0.1202E-04
       993.0      0.1239E-04      0.1208E-04
       995.0      0.1239E-04      0.1208E-04
       997.0      0.1238E-04      0.1208E-04
       999.0      0.1235E-04      0.1205E-04
      1002.5      0.1209E-04      0.1180E-04
      1007.5      0.1182E-04      0.1154E-04
      1012.5      0.1223E-04      0.1194E-04
      1017.5      0.1219E-04      0.1190E-04
      1022.5      0.1222E-04      0.1193E-04
      1027.5      0.1224E-04      0.1196E-04
      1032.5      0.1213E-04      0.1185E-04
      1037.5      0.1212E-04      0.1184E-04
      1042.5      0.1213E-04      0.1186E-04
      1047.5      0.1199E-04      0.1173E-04
      1052.5      0.1204E-04      0.1177E-04
      1057.5      0.1201E-04      0.1175E-04
      1062.5      0.1195E-04      0.1170E-04
      1067.5      0.1171E-04      0.1146E-04
      1072.5      0.1183E-04      0.1158E-04
      1077.5      0.1180E-04      0.1155E-04
      1082.5      0.1171E-04      0.1147E-04
      1087.5      0.1169E-04      0.1146E-04
      1092.5      0.1110E-04      0.1088E-04
      1097.5      0.1149E-04      0.1126E-04
      1102.5      0.1174E-04      0.1152E-04
      1107.5      0.1176E-04      0.1154E-04
      1112.5      0.1170E-04      0.1148E-04
      1117.5      0.1165E-04      0.1143E-04
      1122.5      0.1167E-04      0.1146E-04
      1127.5      0.1148E-04      0.1127E-04
      1132.5      0.1148E-04      0.1127E-04
      1137.5      0.1152E-04      0.1131E-04
      1142.5      0.1141E-04      0.1121E-04
      1147.5      0.1155E-04      0.1135E-04
      1152.5      0.1152E-04      0.1132E-04
      1157.5      0.1145E-04      0.1125E-04
      1162.5      0.1130E-04      0.1111E-04
      1167.5      0.1126E-04      0.1108E-04
      1172.5      0.1141E-04      0.1123E-04
      1177.5      0.1117E-04      0.1099E-04
      1182.5      0.1120E-04      0.1102E-04
      1187.5      0.1113E-04      0.1095E-04
      1192.5      0.1132E-04      0.1115E-04
      1197.5      0.1105E-04      0.1088E-04
      1202.5      0.1117E-04      0.1100E-04
      1207.5      0.1110E-04      0.1093E-04
      1212.5      0.1113E-04      0.1096E-04
      1217.5      0.1117E-04      0.1101E-04
      1222.5      0.1114E-04      0.1098E-04
      1227.5      0.1107E-04      0.1091E-04
      1232.5      0.1106E-04      0.1090E-04
      1237.5      0.1104E-04      0.1088E-04
      1242.5      0.1101E-04      0.1085E-04
      1247.5      0.1101E-04      0.1085E-04
      1252.5      0.1095E-04      0.1079E-04
      1257.5      0.1089E-04      0.1075E-04
      1262.5      0.1088E-04      0.1074E-04
      1267.5      0.1085E-04      0.1071E-04
      1272.5      0.1085E-04      0.1071E-04
      1277.5      0.1073E-04      0.1059E-04
      1282.5      0.9827E-05      0.9697E-05
      1287.5      0.1067E-04      0.1053E-04
      1292.5      0.1071E-04      0.1057E-04
      1297.5      0.1074E-04      0.1060E-04
      1302.5      0.1067E-04      0.1053E-04
      1307.5      0.1069E-04      0.1055E-04
      1312.5      0.1060E-04      0.1046E-04
      1317.5      0.1055E-04      0.1041E-04
      1322.5      0.1061E-04      0.1047E-04
      1327.5      0.1053E-04      0.1039E-04
      1332.5      0.1054E-04      0.1040E-04
      1337.5      0.1049E-04      0.1035E-04
      1342.5      0.1051E-04      0.1037E-04
      1347.5      0.1047E-04      0.1033E-04
      1352.5      0.1043E-04      0.1029E-04
      1357.5      0.1035E-04      0.1021E-04
      1362.5      0.1037E-04      0.1023E-04
      1367.5      0.1033E-04      0.1019E-04
      1372.5      0.1025E-04      0.1011E-04
      1377.5      0.1027E-04      0.1013E-04
      1382.5      0.1026E-04      0.1012E-04
      1387.5      0.1027E-04      0.1013E-04
      1392.5      0.1021E-04      0.1007E-04
      1397.5      0.1020E-04      0.1007E-04
      1402.5      0.1013E-04      0.9996E-05
      1407.5      0.1015E-04      0.1002E-04
      1412.5      0.1006E-04      0.9927E-05
      1417.5      0.1011E-04      0.9976E-05
      1422.5      0.9983E-05      0.9851E-05
      1427.5      0.9923E-05      0.9792E-05
      1432.5      0.1000E-04      0.9868E-05
      1437.5      0.1002E-04      0.9887E-05
      1442.5      0.9709E-05      0.9581E-05
      1447.5      0.9940E-05      0.9808E-05
      1452.5      0.9758E-05      0.9629E-05
      1457.0      0.9850E-05      0.9720E-05
      1462.0      0.9815E-05      0.9685E-05
      1467.5      0.9815E-05      0.9685E-05
      1472.5      0.9711E-05      0.9583E-05
      1477.5      0.9675E-05      0.9547E-05
      1482.5      0.9695E-05      0.9567E-05
      1487.5      0.9555E-05      0.9429E-05
      1492.5      0.9717E-05      0.9579E-05
      1497.5      0.9617E-05      0.9480E-05
      1502.5      0.9470E-05      0.9335E-05
      1507.5      0.9447E-05      0.9313E-05
      1512.5      0.9559E-05      0.9423E-05
      1517.5      0.9549E-05      0.9413E-05
      1522.5      0.9446E-05      0.9312E-05
      1527.5      0.9471E-05      0.9336E-05
      1532.5      0.9410E-05      0.9276E-05
      1537.5      0.9391E-05      0.9258E-05
      1542.5      0.9338E-05      0.9205E-05
      1547.5      0.9331E-05      0.9198E-05
      1552.5      0.9265E-05      0.9133E-05
      1557.5      0.9193E-05      0.9062E-05
      1562.5      0.9296E-05      0.9164E-05
      1567.5      0.9117E-05      0.8987E-05
      1572.5      0.9113E-05      0.8984E-05
      1577.5      0.9011E-05      0.8883E-05
      1582.5      0.9081E-05      0.8952E-05
      1587.5      0.8762E-05      0.8638E-05
      1592.5      0.8995E-05      0.8867E-05
      1597.5      0.9093E-05      0.8955E-05
      1605.0      0.8963E-05      0.8827E-05
      1615.0      0.8786E-05      0.8653E-05
      1625.0      0.8956E-05      0.8820E-05
      1635.0      0.8747E-05      0.8614E-05
      1645.0      0.8534E-05      0.8404E-05
      1655.0      0.8761E-05      0.8628E-05
      1665.0      0.8702E-05      0.8570E-05
      1675.0      0.8443E-05      0.8315E-05
      1685.0      0.8176E-05      0.8052E-05
      1695.0      0.8494E-05      0.8365E-05
      1705.0      0.8365E-05      0.8238E-05
      1715.0      0.8328E-05      0.8202E-05
      1725.0      0.8162E-05      0.8038E-05
      1735.0      0.7668E-05      0.7552E-05
      1745.0      0.7969E-05      0.7848E-05
      1755.0      0.8006E-05      0.7884E-05
      1765.0      0.7939E-05      0.7818E-05
      1775.0      0.7883E-05      0.7763E-05
      1785.0      0.7829E-05      0.7718E-05
      1795.0      0.7777E-05      0.7667E-05
      1805.0      0.7657E-05      0.7548E-05
      1815.0      0.7194E-05      0.7092E-05
      1825.0      0.7421E-05      0.7316E-05
      1835.0      0.7480E-05      0.7374E-05
      1845.0      0.7392E-05      0.7287E-05
      1855.0      0.7352E-05      0.7248E-05
      1865.0      0.7225E-05      0.7122E-05
      1875.0      0.6676E-05      0.6588E-05
      1885.0      0.7103E-05      0.7009E-05
      1895.0      0.6994E-05      0.6901E-05
      1905.0      0.7068E-05      0.6974E-05
      1915.0      0.6995E-05      0.6902E-05
      1925.0      0.6935E-05      0.6843E-05
      1935.0      0.6813E-05      0.6730E-05
      1945.0      0.6352E-05      0.6274E-05
      1955.0      0.6723E-05      0.6641E-05
      1965.0      0.6699E-05      0.6617E-05
      1975.0      0.6635E-05      0.6554E-05
      1985.0      0.6607E-05      0.6526E-05
      1995.0      0.6555E-05      0.6481E-05
      2005.0      0.6520E-05      0.6446E-05
      2015.0      0.6484E-05      0.6411E-05
      2025.0      0.6397E-05      0.6325E-05
      2035.0      0.6319E-05      0.6248E-05
      2045.0      0.6328E-05      0.6263E-05
      2055.0      0.6270E-05      0.6205E-05
      2065.0      0.6189E-05      0.6125E-05
      2075.0      0.6157E-05      0.6094E-05
      2085.0      0.6114E-05      0.6057E-05
      2095.0      0.6042E-05      0.5986E-05
      2105.0      0.6019E-05      0.5963E-05
      2115.0      0.5962E-05      0.5906E-05
      2125.0      0.5914E-05      0.5859E-05
      2135.0      0.5879E-05      0.5830E-05
      2145.0      0.5843E-05      0.5794E-05
      2155.0      0.5771E-05      0.5723E-05
      2165.0      0.5364E-05      0.5319E-05
      2175.0      0.5643E-05      0.5601E-05
      2185.0      0.5639E-05      0.5597E-05
      2195.0      0.5630E-05      0.5589E-05
      2205.0      0.5553E-05      0.5512E-05
      2215.0      0.5529E-05      0.5494E-05
      2225.0      0.5497E-05      0.5462E-05
      2235.0      0.5456E-05      0.5421E-05
      2245.0      0.5414E-05      0.5379E-05
      2255.0      0.5357E-05      0.5328E-05
      2265.0      0.5326E-05      0.5297E-05
      2275.0      0.5293E-05      0.5264E-05
      2285.0      0.5244E-05      0.5216E-05
      2295.0      0.5227E-05      0.5204E-05
      2305.0      0.5203E-05      0.5180E-05
      2315.0      0.5153E-05      0.5130E-05
      2325.0      0.5121E-05      0.5098E-05
      2335.0      0.5072E-05      0.5054E-05
      2345.0      0.5048E-05      0.5031E-05
      2355.0      0.4998E-05      0.4981E-05
      2365.0      0.4969E-05      0.4952E-05
      2375.0      0.4920E-05      0.4908E-05
      2385.0      0.4875E-05      0.4863E-05
      2395.0      0.4854E-05      0.4842E-05
      2405.0      0.4812E-05      0.4800E-05
      2415.0      0.4775E-05      0.4768E-05
      2425.0      0.4743E-05      0.4736E-05
      2435.0      0.4699E-05      0.4692E-05
      2445.0      0.4675E-05      0.4673E-05
      2455.0      0.4621E-05      0.4619E-05
      2465.0      0.4612E-05      0.4610E-05
      2475.0      0.4570E-05      0.4568E-05
      2485.0      0.4520E-05      0.4522E-05
      2495.0      0.4502E-05      0.4504E-05
      2505.0      0.4504E-05      0.4506E-05
      2515.0      0.4458E-05      0.4460E-05
      2525.0      0.4417E-05      0.4423E-05
      2535.0      0.4394E-05      0.4400E-05
      2545.0      0.4367E-05      0.4373E-05
      2555.0      0.4324E-05      0.4330E-05
      2565.0      0.4271E-05      0.4281E-05
      2575.0      0.4283E-05      0.4293E-05
      2585.0      0.4231E-05      0.4241E-05
      2595.0      0.4227E-05      0.4237E-05
      2605.0      0.4185E-05      0.4199E-05
      2615.0      0.4116E-05      0.4130E-05
      2625.0      0.3882E-05      0.3895E-05
      2635.0      0.4086E-05      0.4100E-05
      2645.0      0.4075E-05      0.4093E-05
      2655.0      0.4057E-05      0.4075E-05
      2665.0      0.4000E-05      0.4017E-05
      2675.0      0.3956E-05      0.3973E-05
      2685.0      0.3981E-05      0.4002E-05
      2695.0      0.3971E-05      0.3992E-05
      2705.0      0.3945E-05      0.3966E-05
      2715.0      0.3918E-05      0.3939E-05
      2725.0      0.3893E-05      0.3914E-05
      2735.0      0.3871E-05      0.3895E-05
      2745.0      0.3841E-05      0.3865E-05
      2755.0      0.3746E-05      0.3770E-05
      2765.0      0.3756E-05      0.3780E-05
      2775.0      0.3766E-05      0.3793E-05
      2785.0      0.3748E-05      0.3775E-05
      2795.0      0.3729E-05      0.3756E-05
      2805.0      0.3705E-05      0.3732E-05
      2815.0      0.3683E-05      0.3710E-05
      2825.0      0.3659E-05      0.3689E-05
      2835.0      0.3639E-05      0.3669E-05
      2845.0      0.3607E-05      0.3637E-05
      2855.0      0.3589E-05      0.3619E-05
      2865.0      0.3540E-05      0.3573E-05
      2875.0      0.3446E-05      0.3478E-05
      2885.0      0.3511E-05      0.3543E-05
      2895.0      0.3503E-05      0.3535E-05
      2905.0      0.3482E-05      0.3514E-05
      2915.0      0.3458E-05      0.3493E-05
      2925.0      0.3436E-05      0.3471E-05
      2935.0      0.3420E-05      0.3455E-05
      2945.0      0.3395E-05      0.3430E-05
      2955.0      0.3379E-05      0.3414E-05
      2965.0      0.3360E-05      0.3394E-05
      2975.0      0.3339E-05      0.3376E-05
      2985.0      0.3319E-05      0.3356E-05
      2995.0      0.3295E-05      0.3332E-05
      3005.0      0.3276E-05      0.3313E-05
      3015.0      0.3259E-05      0.3295E-05
      3025.0      0.3233E-05      0.3269E-05
      3035.0      0.3125E-05      0.3163E-05
      3045.0      0.3152E-05      0.3190E-05
      3055.0      0.3177E-05      0.3216E-05
      3065.0      0.3160E-05      0.3198E-05
      3075.0      0.3148E-05      0.3186E-05
      3085.0      0.3122E-05      0.3160E-05
      3095.0      0.3107E-05      0.3145E-05
      3105.0      0.3091E-05      0.3132E-05
      3115.0      0.3056E-05      0.3096E-05
      3125.0      0.3053E-05      0.3093E-05
      3135.0      0.3038E-05      0.3078E-05
      3145.0      0.3020E-05      0.3060E-05
      3155.0      0.2996E-05      0.3035E-05
      3165.0      0.2986E-05      0.3025E-05
      3175.0      0.2967E-05      0.3006E-05
      3185.0      0.2953E-05      0.2992E-05
      3195.0      0.2939E-05      0.2981E-05
      3210.0      0.2910E-05      0.2951E-05
      3230.0      0.2881E-05      0.2922E-05
      3250.0      0.2847E-05      0.2887E-05
      3270.0      0.2814E-05      0.2854E-05
      3290.0      0.2711E-05      0.2749E-05
      3310.0      0.2739E-05      0.2778E-05
      3330.0      0.2719E-05      0.2757E-05
      3350.0      0.2695E-05      0.2733E-05
      3370.0      0.2661E-05      0.2699E-05
      3390.0      0.2631E-05      0.2671E-05
      3410.0      0.2601E-05      0.2640E-05
      3430.0      0.2581E-05      0.2617E-05
      3450.0      0.2557E-05      0.2593E-05
      3470.0      0.2528E-05      0.2564E-05
      3490.0      0.2503E-05      0.2538E-05
      3510.0      0.2477E-05      0.2512E-05
      3530.0      0.2449E-05      0.2484E-05
      3550.0      0.2426E-05      0.2460E-05
      3570.0      0.2398E-05      0.2432E-05
      3590.0      0.2374E-05      0.2408E-05
      3610.0      0.2352E-05      0.2385E-05
      3630.0      0.2329E-05      0.2362E-05
      3650.0      0.2299E-05      0.2331E-05
      3670.0      0.2277E-05      0.2307E-05
      3690.0      0.2242E-05      0.2271E-05
      3710.0      0.2223E-05      0.2252E-05
      3730.0      0.2183E-05      0.2212E-05
      3750.0      0.2136E-05      0.2164E-05
      3770.0      0.2164E-05      0.2192E-05
      3790.0      0.2143E-05      0.2171E-05
      3810.0      0.2122E-05      0.2150E-05
      3830.0      0.2105E-05      0.2133E-05
      3850.0      0.2089E-05      0.2116E-05
      3870.0      0.2065E-05      0.2092E-05
      3890.0      0.2045E-05      0.2072E-05
      3910.0      0.2022E-05      0.2049E-05
      3930.0      0.2011E-05      0.2035E-05
      3950.0      0.1989E-05      0.2013E-05
      3970.0      0.1972E-05      0.1996E-05
      3990.0      0.1946E-05      0.1970E-05
      4010.0      0.1927E-05      0.1950E-05
      4030.0      0.1911E-05      0.1934E-05
      4050.0      0.1853E-05      0.1876E-05
      4070.0      0.1880E-05      0.1903E-05
      4090.0      0.1865E-05      0.1888E-05
      4110.0      0.1850E-05      0.1873E-05
      4130.0      0.1835E-05      0.1857E-05
      4150.0      0.1814E-05      0.1836E-05
      4170.0      0.1789E-05      0.1811E-05
      4190.0      0.1782E-05      0.1804E-05
      4210.0      0.1762E-05      0.1782E-05
      4230.0      0.1755E-05      0.1775E-05
      4250.0      0.1737E-05      0.1756E-05
      4270.0      0.1724E-05      0.1743E-05
      4290.0      0.1706E-05      0.1725E-05
      4310.0      0.1689E-05      0.1708E-05
      4330.0      0.1673E-05      0.1692E-05
      4350.0      0.1654E-05      0.1673E-05
      4370.0      0.1624E-05      0.1642E-05
      4390.0      0.1622E-05      0.1640E-05
      4410.0      0.1605E-05      0.1623E-05
      4430.0      0.1594E-05      0.1612E-05
      4450.0      0.1581E-05      0.1599E-05
      4470.0      0.1566E-05      0.1584E-05
      4490.0      0.1555E-05      0.1572E-05
      4510.0      0.1541E-05      0.1558E-05
      4530.0      0.1527E-05      0.1544E-05
      4550.0      0.1516E-05      0.1531E-05
      4570.0      0.1504E-05      0.1519E-05
      4590.0      0.1490E-05      0.1505E-05
      4610.0      0.1481E-05      0.1496E-05
      4630.0      0.1468E-05      0.1483E-05
      4650.0      0.1422E-05      0.1437E-05
      4670.0      0.1427E-05      0.1442E-05
      4690.0      0.1434E-05      0.1449E-05
      4710.0      0.1425E-05      0.1440E-05
      4730.0      0.1415E-05      0.1429E-05
      4750.0      0.1404E-05      0.1418E-05
      4770.0      0.1393E-05      0.1407E-05
      4790.0      0.1383E-05      0.1397E-05
      4810.0      0.1371E-05      0.1385E-05
      4830.0      0.1361E-05      0.1375E-05
      4850.0      0.1350E-05      0.1364E-05
      4870.0      0.1340E-05      0.1354E-05
      4890.0      0.1329E-05      0.1343E-05
      4910.0      0.1319E-05      0.1332E-05
      4930.0      0.1309E-05      0.1322E-05
      4950.0      0.1299E-05      0.1312E-05
      4970.0      0.1289E-05      0.1301E-05
      4990.0      0.1280E-05      0.1292E-05
      5010.0      0.1270E-05      0.1282E-05
      5030.0      0.1261E-05      0.1273E-05
      5050.0      0.1250E-05      0.1262E-05
      5070.0      0.1242E-05      0.1253E-05
      5090.0      0.1233E-05      0.1244E-05
      5110.0      0.1221E-05      0.1232E-05
      5130.0      0.1196E-05      0.1207E-05
      5150.0      0.1205E-05      0.1216E-05
      5170.0      0.1198E-05      0.1209E-05
      5190.0      0.1188E-05      0.1199E-05
      5210.0      0.1179E-05      0.1190E-05
      5230.0      0.1171E-05      0.1182E-05
      5250.0      0.1163E-05      0.1174E-05
      5270.0      0.1155E-05      0.1166E-05
      5290.0      0.1146E-05      0.1157E-05
      5310.0      0.1139E-05      0.1150E-05
      5330.0      0.1130E-05      0.1140E-05
      5350.0      0.1123E-05      0.1133E-05
      5370.0      0.1114E-05      0.1124E-05
      5390.0      0.1107E-05      0.1117E-05
      5410.0      0.1100E-05      0.1110E-05
      5430.0      0.1091E-05      0.1101E-05
      5450.0      0.1084E-05      0.1094E-05
      5470.0      0.1075E-05      0.1084E-05
      5490.0      0.1069E-05      0.1078E-05
      5510.0      0.1063E-05      0.1072E-05
      5530.0      0.1055E-05      0.1064E-05
      5550.0      0.1048E-05      0.1057E-05
      5570.0      0.1041E-05      0.1050E-05
      5590.0      0.1032E-05      0.1041E-05
      5610.0      0.1027E-05      0.1035E-05
      5630.0      0.1020E-05      0.1028E-05
      5650.0      0.1014E-05      0.1022E-05
      5670.0      0.1007E-05      0.1015E-05
      5690.0      0.9996E-06      0.1008E-05
      5710.0      0.9937E-06      0.1002E-05
      5730.0      0.9872E-06      0.9954E-06
      5750.0      0.9805E-06      0.9886E-06
      5770.0      0.9739E-06      0.9819E-06
      5790.0      0.9673E-06      0.9753E-06
      5810.0      0.9612E-06      0.9691E-06
      5830.0      0.9553E-06      0.9632E-06
      5850.0      0.9492E-06      0.9570E-06
      5870.0      0.9422E-06      0.9500E-06
      5890.0      0.9336E-06      0.9413E-06
      5910.0      0.9153E-06      0.9229E-06
      5930.0      0.9244E-06      0.9320E-06
      5950.0      0.9169E-06      0.9245E-06
      5970.0      0.9130E-06      0.9205E-06
      5990.0      0.9073E-06      0.9148E-06
      6010.0      0.9009E-06      0.9083E-06
      6030.0      0.8960E-06      0.9034E-06
      6050.0      0.8904E-06      0.8978E-06
      6070.0      0.8845E-06      0.8918E-06
      6090.0      0.8785E-06      0.8858E-06
      6110.0      0.8719E-06      0.8783E-06
      6130.0      0.8680E-06      0.8743E-06
      6150.0      0.8629E-06      0.8692E-06
      6170.0      0.8575E-06      0.8637E-06
      6190.0      0.8523E-06      0.8585E-06
      6210.0      0.8471E-06      0.8533E-06
      6230.0      0.8402E-06      0.8463E-06
      6250.0      0.8361E-06      0.8422E-06
      6270.0      0.8310E-06      0.8371E-06
      6290.0      0.8265E-06      0.8325E-06
      6310.0      0.8205E-06      0.8265E-06
      6330.0      0.8167E-06      0.8227E-06
      6350.0      0.8116E-06      0.8175E-06
      6370.0      0.8066E-06      0.8125E-06
      6390.0      0.8017E-06      0.8075E-06
      6420.0      0.7948E-06      0.8006E-06
      6460.0      0.7850E-06      0.7907E-06
      6500.0      0.7755E-06      0.7812E-06
      6540.0      0.7671E-06      0.7727E-06
      6580.0      0.7582E-06      0.7637E-06
      6620.0      0.7492E-06      0.7547E-06
      6660.0      0.7408E-06      0.7462E-06
      6700.0      0.7321E-06      0.7374E-06
      6740.0      0.7236E-06      0.7289E-06
      6780.0      0.7157E-06      0.7209E-06
      6820.0      0.7076E-06      0.7128E-06
      6860.0      0.6996E-06      0.7047E-06
      6900.0      0.6918E-06      0.6962E-06
      6940.0      0.6840E-06      0.6883E-06
      6980.0      0.6767E-06      0.6810E-06
      7020.0      0.6689E-06      0.6731E-06
      7060.0      0.6619E-06      0.6661E-06
      7100.0      0.6549E-06      0.6590E-06
      7140.0      0.6478E-06      0.6519E-06
      7180.0      0.6408E-06      0.6448E-06
      7220.0      0.6338E-06      0.6378E-06
      7260.0      0.6271E-06      0.6311E-06
      7300.0      0.6208E-06      0.6247E-06
      7340.0      0.6140E-06      0.6179E-06
      7380.0      0.6078E-06      0.6116E-06
      7420.0      0.6012E-06      0.6050E-06
      7460.0      0.5894E-06      0.5931E-06
      7500.0      0.5840E-06      0.5877E-06
      7540.0      0.5828E-06      0.5865E-06
      7580.0      0.5772E-06      0.5808E-06
      7620.0      0.5713E-06      0.5749E-06
      7660.0      0.5656E-06      0.5692E-06
      7700.0      0.5598E-06      0.5633E-06
      7740.0      0.5544E-06      0.5579E-06
      7780.0      0.5489E-06      0.5524E-06
      7820.0      0.5435E-06      0.5469E-06
      7860.0      0.5382E-06      0.5416E-06
      7900.0      0.5329E-06      0.5363E-06
      7940.0      0.5277E-06      0.5310E-06
      7980.0      0.5226E-06      0.5254E-06
      8020.0      0.5174E-06      0.5202E-06
      8060.0      0.5124E-06      0.5151E-06
      8100.0      0.5077E-06      0.5104E-06
      8140.0      0.5026E-06      0.5053E-06
      8180.0      0.4980E-06      0.5007E-06
      8220.0      0.4934E-06      0.4960E-06
      8260.0      0.4888E-06      0.4914E-06
      8300.0      0.4843E-06      0.4869E-06
      8340.0      0.4795E-06      0.4821E-06
      8380.0      0.4752E-06      0.4777E-06
      8420.0      0.4710E-06      0.4735E-06
      8460.0      0.4667E-06      0.4692E-06
      8500.0      0.4624E-06      0.4649E-06
      8540.0      0.4582E-06      0.4606E-06
      8580.0      0.4541E-06      0.4565E-06
      8620.0      0.4500E-06      0.4524E-06
      8660.0      0.4460E-06      0.4484E-06
      8700.0      0.4420E-06      0.4444E-06
      8740.0      0.4381E-06      0.4404E-06
      8780.0      0.4342E-06      0.4365E-06
      8820.0      0.4303E-06      0.4326E-06
      8860.0      0.4266E-06      0.4289E-06
      8900.0      0.4228E-06      0.4251E-06
      8940.0      0.4192E-06      0.4214E-06
      8980.0      0.4154E-06      0.4176E-06
      9020.0      0.4120E-06      0.4142E-06
      9060.0      0.4086E-06      0.4108E-06
      9100.0      0.4049E-06      0.4071E-06
      9140.0      0.4015E-06      0.4036E-06
      9180.0      0.3982E-06      0.4003E-06
      9220.0      0.3949E-06      0.3970E-06
      9260.0      0.3916E-06      0.3937E-06
      9300.0      0.3883E-06      0.3904E-06
      9340.0      0.3851E-06      0.3872E-06
      9380.0      0.3819E-06      0.3839E-06
      9420.0      0.3788E-06      0.3808E-06
      9460.0      0.3756E-06      0.3772E-06
      9500.0      0.3726E-06      0.3742E-06
      9540.0      0.3695E-06      0.3711E-06
      9580.0      0.3666E-06      0.3682E-06
      9620.0      0.3635E-06      0.3651E-06
      9660.0      0.3607E-06      0.3623E-06
      9700.0      0.3578E-06      0.3594E-06
      9740.0      0.3547E-06      0.3562E-06
      9780.0      0.3520E-06      0.3535E-06
      9820.0      0.3493E-06      0.3508E-06
      9860.0      0.3465E-06      0.3480E-06
      9900.0      0.3439E-06      0.3454E-06
      9940.0      0.3411E-06      0.3426E-06
      9980.0      0.3385E-06      0.3400E-06
     10020.0      0.3358E-06      0.3373E-06
     20000.0      0.8622E-07      0.8643E-07
     40000.0      0.2158E-07      0.2161E-07
     60000.0      0.9532E-08      0.9536E-08
     80000.0      0.5327E-08      0.5329E-08
    100000.0      0.3390E-08      0.3392E-08
    120000.0      0.2342E-08      0.2343E-08
    140000.0      0.1713E-08      0.1714E-08
    160000.0      0.1306E-08      0.1307E-08
